223
687
418
966
349
651
829
209
371
113
726
569
968
899
281
184
589
937
550
783
497
718
984
444
25
945
502
175
10
972
651
18
831
782
121
232
831
877
620
158
326
857
250
606
153
853
781
755
679
406
384
786
211
800
867
739
185
667
811
135
426
632
970
702
781
296
44
245
33
263
162
797
603
606
729
545
82
165
677
122
513
610
38
147
54
885
37
21
788
195
772
349
867
519
228
237
7
191
32
919
728
564
333
205
732
972
973
220
750
209
680
521
505
767
269
227
753
738
429
575
659
853
103
23
162
544
623
426
975
144
682
567
194
46
192
554
747
992
927
942
306
351
401
450
303
994
553
813
319
989
634
977
751
479
554
314
921
505
831
4
268
458
823
425
924
659
667
960
575
766
74
554
512
603
71
591
772
394
171
228
929
805
172
729
295
448
550
99
356
246
832
858
377
662
594
761
991
179
555
624
877
511
415
860
741
877
553
761
704
650
234
617
705
374
371
278
226
850
464
615
12
536
471
770
414
132
955
241
593
335
492
413
419
860
129
674
150
163
829
583
575
564
570
656
41
847
49
902
690
921
724
343
884
379
390
100
228
310
709
418
517
460
381
242
371
537
405
217
812
614
41
121
402
687
638
863
572
587
612
847
227
324
200
778
4
935
220
643
632
519
338
336
572
996
200
72
665
703
403
360
806
299
384
366
990
764
249
372
803
296
729
280
233
850
347
184
205
114
533
256
396
2
652
585
985
578
733
66
510
550
434
446
758
402
428
713
840
121
775
387
654
611
169
556
914
748
193
647
600
846
901
232
828
517
83
898
935
984
943
872
289
64
483
715
584
730
397
457
797
205
988
358
763
379
437
475
264
490
460
504
946
39
443
664
248
680
578
249
431
851
146
977
730
940
925
834
624
602
185
571
791
959
315
465
820
910
166
834
955
366
331
40
836
557
697
609
992
308
317
324
881
747
821
398
778
168
457
835
845
554
798
645
733
358
444
861
244
995
300
500
650
782
588
340
523
931
892
7
373
922
396
486
551
29
755
660
193
123
202
970
860
301
270
836
888
178
49
836
98
363
941
322
932
505
290
909
833
836
656
227
823
819
249
7
284
496
513
545
247
125
744
964
166
695
925
72
108
874
864
411
924
570
109
792
954
897
296
299
93
34
932
830
813
160
961
778
14
768
85
357
202
928
364
234
305
655
234
570
582
595
363
812
371
607
18
248
503
823
747
21
576
782
389
990
692
124
598
721
38
57
288
573
398
508
159
250
114
246
23
617
715
202
178
757
917
533
247
964
599
738
979
199
857
996
173
767
650
805
533
924
409
46
174
944
586
778
372
645
21
367
167
685
891
266
615
405
205
568
253
166
194
487
430
22
720
827
415
427
846
193
876
385
322
668
339
566
108
43
944
941
93
782
635
909
650
50
118
344
813
607
103
91
147
686
979
119
437
197
91
669
707
963
149
919
175
937
743
535
870
886
476
49
737
366
921
951
488
184
695
24
518
115
483
481
197
15
149
602
94
633
515
870
49
60
589
219
93
545
183
291
550
208
150
918
820
655
778
551
870
794
344
975
421
393
764
981
217
25
910
802
895
23
333
618
502
257
543
522
418
628
307
748
533
702
727
648
491
374
974
527
315
450
586
390
155
189
85
996
992
297
402
346
790
573
698
477
713
488
941
187
364
619
892
989
763
288
599
180
976
734
292
597
222
96
445
354
154
760
401
416
240
462
594
198
858
859
338
52
302
343
483
219
736
956
811
284
2
767
864
929
741
429
259
290
186
66
439
519
475
580
684
952
720
66
946
409
513
711
461
636
29
138
157
834
752
773
30
295
400
983
453
285
628
765
923
579
767
435
472
396
448
374
26
512
430
2
131
844
990
890
802
617
637
306
935
168
228
416
99
497
601
249
858
706
502
213
860
970
585
497
133
113
774
250
64
164
272
862
365
759
268
524
1000
204
833
676
656
414
137
100
303
471
435
767
627
928
229
851
515
173
409
765
610
99
49
517
692
83
300
433
156
841
221
971
866
621
304
698
803
1
509
4
289
282
439
611
133
526
79
784
341
444
391
380
729
590
322
383
629
25
194
831
247
66
248
928
762
192
683
516
560
280
774
430
725
738
768
663
504
609
53
271
314
143
490
227
233
155
736
406
406
5
381
809
393
979
381
941
451
471
665
527
357
249
942
611
844
947
414
109
922
896
897
199
182
943
810
69
840
773
552
275
352
250
384
971
443
915
189
637
204
804
438
853
979
98
24
727
721
157
960
243
427
703
112
193
260
54
61
64
314
437
967
510
85
435
344
276
611
730
939
758
511
958
90
867
227
36
88
141
710
180
470
463
342
173
488
273
605
768
502
56
616
708
564
534
158
38
464
408
350
204
490
348
178
263
461
296
472
323
84
695
751
853
397
173
540
412
113
182
634
342
415
133
127
167
181
353
658
417
637
83
998
305
57
479
588
227
427
909
609
653
453
165
159
341
137
629
586
579
11
321
478
510
250
720
273
291
130
924
546
382
644
732
499
681
440
45
450
424
57
233
857
787
419
921
203
447
139
26
745
749
77
958
753
309
927
548
581
586
801
661
883
497
850
591
16
238
192
467
913
926
966
248
720
33
14
588
759
251
182
515
521
846
909
527
462
733
542
823
613
716
762
490
372
188
836
841
326
135
245
947
244
134
310
33
983
739
389
250
933
650
772
974
993
154
219
14
372
814
788
543
897
645
1000
988
753
726
523
595
874
976
707
453
980
487
662
466
923
537
377
820
757
870
227
449
995
999
401
557
502
899
396
512
391
824
358
379
571
935
390
144
72
166
501
592
363
263
351
349
752
922
173
979
666
393
376
229
518
848
171
981
166
883
319
380
801
587
695
619
602
930
533
521
728
590
630
212
269
607
167
498
9
44
192
97
61
400
821
350
109
784
796
988
354
866
584
685
143
115
135
781
50
966
303
948
484
182
803
816
555
632
920
352
145
719
169
442
608
125
494
803
267
233
299
54
860
370
72
569
110
261
804
369
592
172
683
48
323
866
89
770
531
637
340
453
802
752
3
619
415
704
617
872
319
640
132
862
403
449
177
280
346
555
797
22
164
425
384
413
12
770
312
775
724
201
550
669
505
136
478
717
337
852
557
261
427
818
485
685
507
740
398
68
660
364
781
579
592
36
190
145
186
478
680
345
162
976
304
965
794
683
319
764
545
221
653
71
216
918
531
723
262
64
379
843
265
693
181
454
901
982
182
806
815
700
105
191
700
790
537
234
262
329
573
21
502
900
443
131
951
517
292
973
176
143
205
57
336
910
563
815
311
331
640
207
432
637
132
645
286
316
994
779
891
217
302
385
798
469
796
468
533
877
957
215
774
133
537
464
171
121
164
6
1
657
573
578
62
914
531
819
859
46
514
332
642
334
676
838
490
680
165
125
927
222
217
554
813
987
468
340
992
744
899
588
749
484
134
562
630
464
97
305
11
469
229
180
158
403
845
604
439
585
313
225
557
751
887
414
260
94
731
170
725
321
315
652
236
821
947
679
834
656
137
956
740
522
493
208
953
194
260
880
412
335
996
136
87
694
879
771
789
888
118
416
840
660
701
553
594
221
515
455
263
938
44
672
920
680
179
3
855
49
271
223
933
135
657
656
698
744
24
705
744
618
646
8
261
65
343
243
924
762
543
696
83
119
897
966
657
665
383
706
462
180
570
149
459
651
737
368
370
971
450
593
650
83
167
79
869
742
452
335
864
1000
356
955
978
437
504
432
439
774
86
345
481
498
555
220
754
685
97
534
410
259
881
103
355
881
94
367
298
777
679
690
945
74
658
66
420
96
545
12
490
157
755
723
5
776
35
432
202
854
967
814
539
593
987
266
545
876
763
715
520
502
427
187
232
730
897
759
422
91
55
535
329
796
719
468
868
584
340
982
576
79
261
133
560
331
150
944
474
560
623
349
612
815
832
700
256
905
526
49
730
320
786
599
246
303
67
748
209
311
942
436
399
406
402
188
763
268
958
93
227
447
446
221
426
976
753
403
904
526
239
813
799
972
619
960
405
431
716
39
62
470
723
50
286
799
443
895
298
735
709
47
51
833
370
161
986
729
385
265
230
79
157
919
35
861
257
99
5
848
96
437
527
98
200
108
59
153
434
649
410
862
571
773
604
680
811
785
519
578
537
985
957
125
857
416
481
817
265
765
212
618
758
581
349
367
45
43
187
278
280
766
19
662
306
5
684
341
97
874
760
83
118
408
159
74
338
3
370
622
539
378
708
168
690
912
604
251
718
629
484
316
919
752
377
364
626
165
718
532
316
944
676
772
391
479
587
528
63
380
984
339
168
271
750
300
383
726
718
190
594
795
9
815
860
7
344
529
664
568
99
408
727
207
731
548
655
152
616
781
90
694
696
518
639
208
998
830
490
70
371
276
734
966
51
202
530
651
257
359
477
464
160
384
774
991
905
228
651
670
353
600
503
28
654
666
741
768
51
103
65
84
464
405
420
373
572
33
780
44
772
694
46
183
154
979
24
717
443
772
33
51
183
735
566
776
437
57
364
544
352
651
660
761
878
992
4
657
421
901
457
781
794
743
994
47
870
456
375
237
456
368
167
432
422
599
245
42
291
196
550
145
300
723
563
404
12
413
370
579
962
510
267
211
592
719
526
977
601
925
580
296
150
854
987
133
586
379
291
502
625
869
86
749
449
252
458
924
756
239
723
216
494
131
36
967
772
571
274
990
968
39
225
293
67
125
506
881
465
408
337
549
922
537
679
803
216
394
590
294
984
269
755
51
447
805
711
702
402
36
223
219
360
355
247
778
388
910
512
501
6
693
469
420
746
970
304
44
360
383
761
311
736
548
419
287
827
221
249
842
715
716
716
502
812
956
527
696
49
132
302
726
973
414
863
405
747
53
425
901
436
106
186
710
870
519
366
18
918
474
82
774
268
922
997
654
438
825
929
166
977
935
668
432
297
546
976
383
308
53
655
744
405
667
255
838
828
550
322
917
871
967
955
689
145
55
812
104
539
383
727
780
886
583
985
296
735
377
818
951
20
448
752
867
869
222
228
608
621
65
239
246
313
768
126
259
90
99
210
418
655
657
168
917
232
662
817
751
134
696
442
432
970
262
740
975
87
218
391
572
983
510
152
5
296
801
247
525
586
380
511
46
411
950
136
739
358
682
411
380
259
603
113
318
959
90
818
691
561
508
725
150
151
268
39
228
226
630
622
233
114
435
12
709
570
640
714
662
301
851
355
128
435
692
484
140
617
970
129
310
876
840
41
207
427
33
80
134
729
87
987
268
298
394
972
844
283
553
811
631
733
747
394
983
331
118
227
724
418
551
921
718
247
424
370
737
839
642
797
180
556
489
582
302
770
566
756
169
368
597
489
664
448
541
388
766
734
881
455
551
622
500
114
156
634
766
833
509
516
616
690
155
890
385
457
469
171
790
828
73
180
161
101
459
644
563
655
12
740
424
832
412
349
116
628
502
397
102
284
540
735
893
162
16
112
397
886
482
126
806
112
219
657
183
905
225
169
499
977
197
255
997
405
918
278
714
246
707
862
828
654
263
866
537
133
170
304
234
107
413
356
99
677
913
565
875
178
702
300
591
863
316
444
431
621
704
462
176
550
640
172
48
462
247
994
106
637
591
659
142
251
575
731
314
949
90
658
285
283
131
54
16
192
659
61
143
313
989
672
58
603
844
818
989
349
564
756
745
745
942
4
323
270
995
207
461
838
337
252
41
342
328
587
331
340
219
963
720
941
131
337
38
151
483
632
51
988
625
387
122
380
880
660
917
934
675
637
305
24
16
324
991
598
237
119
895
211
840
116
891
854
329
397
863
584
426
967
807
759
695
46
426
127
902
120
313
428
329
811
347
44
640
156
933
80
775
489
19
668
720
660
736
983
278
809
933
810
35
589
685
439
941
983
152
991
174
996
649
651
722
910
684
37
218
771
822
39
395
183
909
66
34
471
44
147
143
571
602
863
699
106
511
632
799
31
609
341
575
477
147
438
742
720
786
908
998
654
352
590
772
265
913
819
404
559
531
4
822
506
734
912
225
72
445
92
865
874
371
411
220
766
154
428
951
86
72
623
624
521
9
265
82
277
47
556
932
337
709
133
812
781
73
855
695
820
648
145
287
675
538
852
494
667
466
949
958
561
88
714
689
793
478
178
746
31
140
500
190
133
845
314
600
944
114
879
936
209
164
132
614
543
755
7
440
474
698
44
872
544
979
553
444
444
588
560
658
706
7
363
955
417
525
587
653
296
215
119
31
845
740
849
228
357
706
260
599
556
228
594
617
865
589
225
250
188
564
561
257
152
534
621
323
514
708
915
779
544
643
159
249
960
373
387
73
126
19
27
858
539
665
593
896
414
564
682
809
864
553
365
723
919
421
99
317
774
946
921
62
881
275
363
547
99
553
257
418
158
670
766
658
284
43
951
452
333
732
887
699
930
371
300
469
91
885
184
428
721
100
363
178
795
983
186
914
791
920
490
755
809
493
909
297
251
304
379
563
533
462
317
727
33
695
18
519
225
660
223
581
981
986
415
843
748
511
487
647
260
178
3
332
11
283
7
127
6
490
734
317
212
770
349
517
773
492
444
217
681
935
550
678
259
383
549
708
976
341
170
503
235
613
546
612
162
991
713
753
512
860
582
3
126
735
345
839
424
161
77
505
612
340
805
774
936
894
259
668
11
480
480
225
191
988
871
754
865
380
807
933
2
222
770
59
617
479
675
875
73
100
20
810
469
590
968
504
240
277
719
139
231
480
309
391
775
128
336
883
71
259
84
358
574
529
317
656
780
692
186
919
532
304
518
183
627
577
222
570
260
195
802
563
476
280
200
916
248
823
537
8
163
25
609
951
68
288
518
652
827
895
954
462
822
959
271
237
69
9
862
692
263
861
684
335
946
338
443
577
637
216
349
496
944
239
118
353
286
694
673
35
317
870
251
990
129
175
720
932
148
97
847
233
741
199
143
26
503
111
757
412
729
283
479
267
851
719
197
903
210
328
399
999
206
825
457
738
242
618
947
495
484
240
266
946
252
964
39
72
541
217
869
631
449
488
240
895
580
377
762
489
813
335
843
681
490
253
760
212
690
643
118
320
888
593
321
522
961
836
907
139
45
628
345
227
11
250
946
768
860
553
182
50
711
864
30
598
786
210
640
938
747
304
232
995
608
204
10
701
726
333
269
901
951
875
82
364
946
661
492
373
466
609
934
194
365
314
882
733
780
805
72
564
690
628
3
470
883
593
890
500
440
433
553
203
76
999
562
222
550
742
227
852
682
200
683
25
282
985
878
726
751
886
252
975
599
667
387
94
224
790
335
379
916
238
979
125
236
110
810
211
717
265
611
325
4
666
409
369
765
484
314
978
173
619
328
316
738
475
255
639
256
260
333
14
13
797
114
273
794
65
246
311
15
299
898
733
751
865
581
679
443
156
897
313
494
585
214
820
758
621
124
205
426
313
700
904
985
347
777
547
618
768
171
397
572
730
43
533
393
812
36
915
233
256
629
989
562
741
162
150
597
944
554
20
870
790
893
861
278
75
701
863
941
972
805
832
207
503
264
90
870
629
552
709
816
852
195
357
478
83
964
46
722
495
665
780
662
401
29
895
837
472
705
343
594
17
165
263
178
244
473
735
8
657
581
385
682
963
521
355
377
648
49
114
118
359
251
123
255
632
125
415
161
799
341
159
548
193
108
813
209
253
793
352
210
775
159
45
406
93
962
529
578
895
199
517
110
210
321
486
881
304
676
402
32
452
166
5
112
652
955
330
146
246
556
394
24
586
776
259
113
500
673
37
561
579
747
43
188
500
291
151
914
819
485
391
2
196
341
932
513
352
460
597
438
969
727
147
453
128
508
208
631
211
267
850
165
526
679
424
532
554
957
150
148
316
907
285
381
652
664
647
383
119
434
566
200
692
310
719
695
20
775
294
364
310
422
462
921
382
427
198
116
317
437
489
442
188
193
101
38
566
614
890
895
89
624
865
933
735
526
527
975
640
457
271
326
444
316
303
780
814
675
945
435
286
274
144
1
511
8
596
787
657
538
539
575
639
726
957
803
73
222
908
319
653
617
385
433
502
667
763
530
281
10
649
210
619
620
729
286
962
759
254
191
327
715
776
441
533
533
101
504
121
950
964
312
353
269
268
392
78
204
579
609
573
276
514
548
951
910
303
243
112
132
368
559
932
230
868
882
503
723
931
155
762
954
718
526
971
415
292
473
382
139
450
809
531
128
59
531
308
198
722
693
447
483
214
76
341
797
367
805
367
339
256
678
261
892
448
747
366
257
664
944
33
475
32
55
795
819
227
271
157
742
969
376
505
472
148
905
442
76
962
231
669
263
332
297
13
449
99
984
28
305
920
883
198
716
594
581
638
581
728
644
685
33
262
923
524
725
980
155
189
516
496
218
759
613
236
104
534
794
648
119
310
772
828
125
22
512
589
400
616
932
148
171
315
678
91
300
571
759
468
115
777
212
166
60
943
561
7
656
731
666
834
569
697
960
850
408
544
965
575
133
727
719
802
673
611
362
614
802
539
265
820
807
303
311
163
6
48
879
365
960
478
711
492
109
517
495
987
37
172
429
44
68
485
613
107
899
717
92
743
671
661
238
238
98
192
197
229
18
79
94
496
398
322
676
834
204
34
316
501
527
833
698
845
27
604
303
562
998
160
440
959
54
384
423
316
155
843
525
465
685
456
694
785
880
964
916
615
524
74
509
872
794
994
299
553
108
817
966
513
878
20
450
214
804
499
821
140
401
91
666
435
607
87
938
714
481
661
98
662
191
417
79
493
985
650
997
337
28
573
67
15
98
324
971
123
913
235
220
607
531
450
393
795
70
884
890
123
506
357
312
77
935
527
997
743
144
291
518
829
425
782
327
69
748
373
902
572
235
92
529
561
547
626
681
415
291
149
97
346
787
58
243
296
313
748
683
96
987
198
199
299
726
134
963
374
855
71
246
664
556
853
467
708
108
747
771
497
515
3
307
845
884
553
8
783
396
985
28
483
751
287
495
673
533
838
979
868
125
357
143
296
679
498
977
589
208
261
536
269
509
935
652
723
422
622
96
277
842
112
1
372
74
781
47
795
947
604
632
959
123
702
78
382
610
541
920
876
755
655
303
584
773
553
912
525
394
272
433
791
719
253
155
355
588
600
189
654
980
777
811
968
837
452
205
92
622
246
953
641
207
874
432
658
684
82
772
264
692
904
856
174
603
226
310
396
979
578
49
665
348
461
723
480
156
86
172
686
926
72
159
457
574
708
171
669
631
274
496
614
59
505
304
363
169
62
699
112
197
812
745
91
195
44
508
241
263
826
414
923
72
520
516
409
397
887
629
240
768
536
248
324
237
877
631
819
942
870
943
555
713
316
124
804
374
308
96
442
92
728
160
597
391
635
839
504
702
282
992
426
262
817
307
313
2
237
907
872
614
231
180
104
910
506
707
848
608
329
512
816
988
828
978
440
148
743
675
345
629
861
883
860
31
28
444
22
924
157
456
343
330
932
151
250
421
802
498
820
513
554
746
72
448
537
942
228
886
657
903
622
777
331
765
549
618
274
156
93
62
614
825
543
516
149
401
526
729
763
191
861
884
709
527
910
359
196
844
468
804
621
364
11
386
553
62
599
622
110
634
513
276
288
960
685
83
521
695
584
751
928
855
573
690
296
332
772
769
560
639
210
358
200
80
349
405
67
993
28
476
70
848
603
508
764
342
818
304
741
46
555
505
65
644
121
839
954
127
43
254
422
770
763
242
412
834
207
347
820
86
828
671
328
578
982
518
623
149
554
928
921
622
589
774
411
275
690
622
36
536
881
376
298
434
841
312
192
225
458
779
87
672
720
404
826
896
653
634
249
955
316
57
603
409
880
898
579
2
648
360
439
7
27
53
750
761
921
514
340
903
316
870
731
881
102
479
504
304
960
298
916
66
765
21
245
592
11
668
865
77
794
499
598
348
216
35
42
374
797
83
545
212
529
354
993
614
566
9
838
195
362
972
433
957
343
703
966
666
960
435
508
202
971
249
281
914
862
966
390
178
822
686
796
249
805
173
558
545
432
867
435
485
956
277
943
312
337
790
954
478
452
385
129
671
989
671
516
759
122
371
513
198
657
264
405
692
294
371
279
400
114
189
610
526
317
859
85
191
253
448
240
974
30
146
860
220
774
777
810
315
776
338
789
471
168
989
315
24
998
222
709
122
949
506
46
668
995
990
479
440
978
345
570
403
512
520
121
391
521
586
977
805
711
290
439
857
858
784
504
270
83
395
106
261
39
362
266
538
156
990
880
982
528
957
52
114
726
100
845
179
134
710
723
170
896
804
866
461
4
369
943
862
597
660
615
364
530
180
574
105
366
546
503
242
277
298
431
628
272
860
612
99
463
272
164
581
715
29
561
758
565
460
761
162
529
394
349
211
255
841
291
337
296
701
190
87
991
455
190
808
518
311
929
568
251
857
332
106
848
936
533
438
102
550
222
586
240
313
353
839
982
160
78
684
788
79
197
155
811
768
239
3
21
825
903
629
220
615
672
127
721
597
951
937
964
126
845
425
214
361
324
628
381
259
87
94
989
890
869
420
360
901
499
403
537
601
146
924
479
346
743
228
921
988
227
208
980
971
684
817
295
982
345
119
584
369
950
869
122
881
706
786
475
850
806
921
263
716
966
124
106
854
649
642
238
270
737
333
716
216
201
879
178
699
499
602
481
324
130
565
708
766
872
632
99
730
342
490
930
314
76
329
251
299
876
87
737
619
38
242
483
116
300
771
89
17
272
995
877
105
919
736
181
667
620
348
498
676
835
220
32
437
514
454
158
815
430
819
708
942
93
733
407
420
931
986
429
53
98
512
347
274
27
44
843
984
147
185
390
668
352
628
761
176
894
195
362
828
37
622
707
250
501
931
744
784
878
33
565
21
919
996
19
728
26
590
601
848
466
515
606
536
696
609
107
124
60
579
689
411
717
477
145
420
542
32
893
223
915
117
776
778
653
36
163
384
577
253
636
109
545
651
965
159
393
980
693
935
819
747
879
96
918
717
47
950
952
499
504
520
270
121
701
910
533
144
605
5
692
415
935
89
247
499
569
155
457
925
294
254
621
46
863
715
718
580
989
711
882
285
452
30
454
865
379
830
65
147
366
223
326
203
974
750
219
564
669
217
46
899
854
210
285
342
199
535
188
912
498
278
874
819
862
652
303
280
677
386
601
741
120
654
691
72
685
727
580
883
919
912
388
914
270
902
130
401
461
771
511
861
308
461
499
770
563
617
242
472
117
609
169
535
996
792
57
78
756
249
148
483
727
36
820
491
855
425
178
271
107
722
663
352
373
743
957
274
517
348
580
627
359
974
822
735
225
545
544
748
669
426
119
25
91
688
333
791
37
329
399
691
369
335
599
498
968
734
370
265
941
751
190
784
587
467
964
842
171
718
896
584
122
10
560
771
415
610
887
414
732
290
962
880
276
317
906
754
769
114
800
591
144
25
118
886
329
462
545
415
443
438
391
609
270
62
694
837
105
592
310
717
355
464
461
798
142
272
980
518
376
683
408
650
711
452
599
520
317
929
410
186
862
780
521
497
161
722
709
606
796
883
222
414
252
384
578
810
675
225
656
94
290
710
76
514
174
435
568
680
715
413
159
874
883
761
665
498
812
875
814
595
838
605
358
715
276
923
352
981
697
81
914
117
196
131
243
115
468
41
846
648
271
898
231
200
485
252
983
225
892
692
961
655
750
623
358
908
419
371
537
311
313
504
514
15
357
590
302
361
327
876
1
259
926
264
152
592
776
822
185
494
83
165
722
6
969
91
851
216
947
854
190
334
566
4
468
617
680
660
898
156
441
666
574
764
713
374
906
620
901
391
69
210
610
258
652
898
644
184
199
693
534
333
323
625
500
489
312
376
547
937
76
850
637
601
971
81
807
309
587
368
614
444
827
188
966
879
517
105
436
79
600
323
518
791
166
111
45
773
846
352
758
831
804
668
610
527
769
231
640
321
728
208
254
825
707
737
430
987
685
55
520
430
247
182
486
411
574
102
142
94
87
279
418
523
37
325
770
373
570
86
244
207
448
229
508
675
909
785
974
620
696
310
302
308
994
471
913
269
958
540
48
972
108
8
795
388
924
494
771
943
661
126
397
990
432
282
375
711
278
53
557
270
999
833
455
953
981
153
110
190
556
78
213
753
679
311
453
844
642
293
107
650
81
641
349
895
173
475
721
369
376
614
277
794
740
162
812
803
16
798
965
883
968
671
881
454
9
598
387
514
304
73
209
993
308
17
616
711
294
723
13
817
663
8
87
340
384
282
170
368
920
482
621
341
166
694
656
875
935
845
165
769
159
520
212
357
296
818
153
276
303
941
817
960
643
541
270
184
727
123
358
672
484
499
71
928
288
309
478
900
433
104
618
626
921
149
35
46
356
567
530
832
982
784
965
306
984
945
322
332
518
312
307
80
372
204
632
732
913
954
722
887
84
566
983
408
485
581
577
989
654
803
107
165
720
580
756
945
596
874
366
358
716
620
124
83
549
662
278
808
135
204
1000
481
359
851
566
494
347
500
322
742
772
298
568
750
163
669
895
543
864
865
568
917
954
558
598
174
37
607
703
837
412
897
778
95
691
863
613
955
566
857
315
408
243
809
915
223
390
534
118
96
450
560
557
29
94
711
695
170
775
42
762
763
658
828
311
739
945
582
196
131
98
634
694
8
584
237
891
466
878
161
595
791
470
289
451
922
957
305
79
910
766
835
713
425
514
645
404
166
580
798
377
195
228
213
499
222
257
630
315
53
673
434
2
409
518
639
392
858
63
25
695
628
530
848
984
843
642
872
673
640
919
621
747
715
759
393
551
80
186
871
666
885
492
149
276
12
657
348
260
353
207
310
212
599
516
938
621
426
137
272
71
364
618
736
524
213
145
135
622
876
444
687
425
980
723
509
389
209
91
600
784
83
991
330
102
167
499
632
23
845
401
23
535
68
924
992
34
190
770
670
57
333
743
900
22
625
89
307
921
611
280
532
913
594
784
102
16
465
923
291
289
853
281
939
197
972
201
485
85
2
723
22
110
530
478
439
236
22
527
874
178
242
752
773
520
361
120
156
590
410
503
484
775
809
331
800
702
425
273
686
839
259
875
49
298
901
45
655
532
636
731
387
33
114
365
228
397
104
509
259
334
891
825
63
215
308
36
780
905
930
297
890
712
905
75
133
868
118
605
190
314
38
394
194
566
330
698
73
645
770
315
306
484
613
738
34
185
877
685
879
778
691
832
193
92
14
236
542
766
242
256
20
713
309
50
447
93
855
218
391
202
905
13
895
969
850
432
203
277
13
961
10
542
297
503
759
394
182
464
534
649
368
846
706
333
904
440
951
248
545
973
865
952
845
50
111
858
454
204
859
870
43
867
935
166
349
677
167
81
306
285
734
818
531
965
773
74
16
295
159
656
779
141
854
788
307
884
984
925
41
885
585
581
187
418
630
876
408
996
592
73
349
117
996
589
906
202
452
658
874
843
967
979
484
764
587
292
185
698
782
446
413
783
903
842
670
827
129
872
470
244
524
817
4
23
778
603
233
945
493
433
139
340
690
492
243
743
537
734
850
953
565
40
515
733
660
651
240
914
197
601
851
411
1
995
751
67
126
402
649
459
414
269
194
366
914
611
191
887
258
940
375
530
908
842
411
612
635
273
746
339
131
422
927
190
844
730
745
998
245
183
835
726
743
877
866
599
664
65
159
240
98
225
453
291
251
860
782
250
826
523
481
575
178
632
339
191
201
182
885
20
16
45
550
92
837
638
381
683
199
805
849
221
136
501
508
281
516
263
822
695
151
77
853
816
401
322
158
739
974
569
435
223
384
159
674
374
350
646
19
161
39
20
320
786
632
455
524
884
334
111
870
543
459
772
489
768
480
136
976
280
424
897
110
123
700
599
375
380
725
604
567
827
705
25
640
855
252
815
936
979
637
472
542
649
177
301
405
69
886
69
864
421
971
902
131
951
62
402
534
880
470
288
758
450
657
608
788
316
301
414
994
630
685
199
547
576
452
101
999
530
166
427
429
95
550
329
134
783
955
809
244
372
141
107
746
72
495
917
769
426
425
631
12
767
262
646
468
372
5
662
372
615
56
464
78
846
995
426
564
323
830
544
807
12
920
892
54
362
790
376
430
722
125
975
718
560
49
176
428
647
537
113
528
992
701
712
782
655
573
62
741
947
322
144
457
992
588
272
759
54
871
785
230
727
72
13
815
813
273
502
675
343
717
667
110
433
470
203
897
794
1
610
378
922
318
305
520
94
248
282
235
43
765
330
754
707
778
396
686
447
368
901
809
520
315
11
247
799
474
866
88
42
454
915
693
197
905
609
147
948
517
983
343
910
12
106
488
215
102
50
721
298
268
226
859
26
995
673
791
478
839
399
346
547
445
575
838
622
870
777
452
484
42
544
227
958
595
972
851
527
134
329
494
782
234
751
664
667
71
335
35
177
665
624
307
975
203
365
612
901
942
720
523
807
105
286
475
868
964
342
654
950
985
312
606
782
275
681
901
700
256
678
968
392
404
817
561
976
735
992
770
166
633
816
328
262
890
644
456
427
389
855
555
686
603
498
988
297
230
968
433
825
611
267
995
374
553
167
918
537
618
637
896
651
833
240
290
299
17
419
990
241
595
317
943
318
328
14
980
941
671
108
526
374
135
528
970
326
375
575
467
574
532
989
967
960
967
875
338
106
894
916
477
392
456
977
181
384
257
238
948
452
62
328
131
526
78
71
11
803
743
458
289
346
309
732
339
34
277
658
876
258
308
304
827
394
333
190
20
865
660
616
254
422
846
575
837
326
194
210
128
626
672
903
56
174
221
24
183
962
318
667
830
743
732
464
442
425
291
948
723
306
500
80
625
550
573
280
285
251
688
888
463
807
452
161
747
275
66
276
347
752
54
57
676
78
288
103
914
821
955
591
646
929
942
77
677
818
684
246
745
230
666
130
784
227
852
718
362
67
282
267
269
911
462
548
233
453
978
373
936
901
401
870
757
164
515
415
424
708
589
65
64
624
632
661
204
415
831
474
346
29
853
640
504
956
489
975
658
796
598
394
33
182
472
510
475
656
54
873
816
640
232
659
907
580
845
509
357
367
177
535
812
419
558
295
977
861
143
646
88
4
930
469
375
782
504
389
984
393
930
728
187
305
431
795
207
353
113
210
899
37
254
600
186
107
35
287
877
773
967
973
223
88
590
433
594
790
80
253
336
741
625
188
358
165
633
952
547
625
1
978
273
457
883
505
842
916
887
228
234
223
50
798
651
316
850
916
487
242
283
849
386
836
174
194
68
695
407
241
301
499
161
457
607
992
688
894
232
577
560
70
801
242
226
39
612
244
462
455
946
478
209
318
426
101
901
294
896
986
460
823
846
615
595
196
507
866
607
229
574
957
160
127
458
499
105
305
16
412
398
730
747
268
285
425
272
376
890
936
637
682
944
788
299
889
660
192
293
126
190
684
442
721
86
999
809
334
862
482
595
379
46
468
312
772
823
80
189
719
317
43
127
518
435
199
884
872
659
738
40
538
855
775
885
71
384
762
758
900
530
157
524
397
918
54
265
75
14
306
836
272
281
602
589
118
215
203
32
759
795
297
516
762
748
354
44
39
437
33
606
46
123
243
922
815
115
483
478
782
671
17
816
206
177
334
986
234
921
357
601
244
125
721
894
308
370
724
531
80
766
213
666
979
576
975
547
416
955
575
269
290
341
204
91
598
850
894
325
647
935
176
928
910
946
668
466
218
183
941
814
752
905
329
800
279
243
778
712
662
634
712
198
173
472
939
738
972
744
639
389
385
429
412
795
667
250
155
730
840
458
230
108
43
767
768
307
297
480
698
272
948
156
553
380
359
81
204
175
323
368
561
789
992
631
16
442
973
841
948
591
783
828
891
826
353
930
357
543
989
586
227
714
949
589
255
10
253
369
463
662
119
513
874
905
896
218
555
477
361
752
214
584
107
447
764
159
660
887
722
611
88
635
321
33
709
43
707
469
553
607
654
414
895
827
713
730
554
481
292
164
786
609
807
265
694
319
604
53
973
785
895
997
337
765
771
705
213
312
807
592
783
906
409
649
780
10
995
136
334
100
716
344
341
838
560
263
479
804
460
53
851
318
4
978
175
622
323
417
520
524
282
696
456
490
503
355
319
436
484
179
935
398
958
47
324
627
809
804
415
62
229
748
383
38
486
626
933
996
915
477
50
911
200
366
214
347
20
632
712
827
990
599
31
742
669
198
964
384
339
114
196
946
132
690
275
202
73
493
238
353
459
127
722
117
446
467
963
232
318
714
385
298
751
848
293
878
735
29
757
614
626
490
865
562
866
316
688
98
637
169
122
510
568
947
151
3
291
722
369
225
538
429
447
663
354
293
224
573
801
865
854
475
86
793
155
672
309
463
472
515
116
68
764
134
944
120
57
635
544
316
803
150
372
709
51
176
923
854
469
142
371
553
936
317
277
445
808
621
98
426
534
786
639
832
259
960
903
557
131
841
94
594
845
956
639
318
423
423
267
609
202
819
875
225
194
445
867
784
597
596
356
817
951
908
97
599
389
558
97
831
752
184
489
44
249
3
751
691
156
637
932
671
768
886
192
720
357
109
281
123
49
46
494
134
306
362
999
481
615
439
310
755
738
584
925
694
645
814
739
940
126
578
808
590
42
362
791
763
579
200
523
676
942
705
248
272
76
651
5
675
221
431
233
272
407
270
246
194
46
830
261
423
449
409
782
486
970
270
204
316
349
48
222
666
500
838
591
932
436
995
663
220
792
632
26
87
558
106
173
766
748
376
472
43
612
473
177
60
324
4
821
138
565
437
988
195
225
626
358
160
346
44
637
668
96
371
441
972
128
128
819
63
344
691
167
843
132
50
273
111
747
983
613
309
977
33
840
439
844
298
493
146
825
22
475
297
102
507
996
157
597
399
292
873
670
806
522
485
925
338
914
82
199
220
627
667
219
516
887
522
694
165
392
682
58
23
496
995
36
852
277
355
602
712
940
606
31
75
574
888
240
788
653
909
175
355
690
551
694
899
590
914
535
571
993
703
765
144
618
35
506
41
719
979
332
708
172
780
8
877
997
809
973
401
658
139
48
19
704
335
617
482
302
609
672
470
617
196
776
341
175
755
52
734
354
873
946
324
209
751
894
174
35
718
893
565
462
225
611
94
678
834
19
671
703
812
326
397
455
295
94
769
837
440
687
213
247
641
537
423
626
604
79
973
413
33
689
319
919
890
48
854
894
265
402
100
242
454
809
134
722
421
114
285
540
940
896
920
651
104
206
792
852
575
274
540
315
824
40
100
37
158
70
640
580
964
958
567
783
932
391
375
705
747
642
392
879
794
604
597
371
590
479
384
857
854
482
779
831
151
489
942
638
670
525
887
613
276
806
3
660
956
839
935
729
713
885
181
519
678
231
762
587
717
174
673
650
582
497
253
212
465
780
758
306
537
77
288
372
941
182
809
387
811
146
94
846
177
741
776
410
158
602
862
184
457
958
94
531
172
873
486
556
214
112
410
992
167
328
952
242
155
798
746
476
75
135
572
687
81
142
375
864
502
250
164
445
188
596
992
713
757
43
294
197
32
49
218
600
508
611
875
979
95
467
27
60
617
803
635
335
991
254
22
330
159
812
528
570
449
696
350
783
590
952
844
5
896
445
613
346
185
410
154
467
274
647
317
873
53
864
355
679
763
852
192
486
265
625
383
648
198
48
869
815
822
74
827
378
165
539
726
918
933
942
600
303
193
812
952
493
165
330
26
540
976
299
6
811
838
9
510
610
825
254
534
891
554
823
636
510
784
346
40
583
766
312
429
589
308
536
200
721
945
874
922
440
395
115
128
885
135
244
879
831
766
757
102
243
720
213
941
65
159
647
947
603
611
488
604
458
515
840
258
809
233
537
841
562
345
70
893
196
353
702
269
222
374
471
585
195
164
106
328
837
979
932
901
245
532
422
883
245
660
182
498
404
411
904
480
955
184
115
709
923
589
533
247
692
313
319
356
658
547
411
496
878
413
776
686
972
437
854
469
123
172
50
369
16
599
810
846
409
644
635
134
48
426
146
805
485
554
495
136
209
821
199
1000
217
782
929
618
386
82
337
45
417
888
974
430
310
600
170
256
133
53
803
11
347
896
171
638
407
94
954
707
873
232
724
897
824
773
951
596
657
636
281
709
505
334
877
501
560
325
786
933
159
529
704
418
294
279
983
145
442
887
855
155
27
583
206
811
117
521
294
476
391
283
692
929
274
887
698
602
543
941
348
434
104
257
409
786
544
301
99
219
863
755
701
271
382
697
289
177
570
727
995
302
548
218
722
995
842
9
802
163
58
85
318
105
310
459
715
508
729
805
682
367
319
96
680
315
403
897
650
61
258
6
295
686
602
655
808
308
879
11
596
621
439
154
130
358
34
123
4
285
488
39
200
46
353
311
985
225
460
735
47
336
298
228
83
65
941
265
139
693
687
281
236
155
360
911
119
128
432
829
530
299
714
968
968
374
696
578
734
408
319
549
334
395
622
493
279
341
192
904
200
352
72
272
493
433
548
823
164
123
865
937
412
742
741
195
647
250
831
958
647
654
598
882
103
753
750
707
474
574
334
921
893
875
329
754
991
570
309
363
879
74
254
737
216
863
401
252
637
887
939
339
861
190
686
898
148
257
518
162
294
837
813
626
204
734
641
600
885
188
293
307
120
13
937
759
976
4
312
561
705
487
311
792
179
486
375
979
26
700
391
869
237
868
264
28
577
618
300
380
71
918
644
621
873
857
850
695
983
314
310
362
154
723
928
171
465
846
859
533
274
956
331
905
521
740
966
525
92
162
316
370
26
375
891
864
985
628
483
856
81
108
569
389
73
264
116
875
977
255
547
709
450
597
772
340
934
434
174
172
348
335
894
429
828
522
77
608
725
998
491
172
177
469
737
314
8
133
325
122
627
355
72
338
192
60
911
236
463
351
778
527
560
124
210
372
662
375
387
578
485
263
887
486
478
702
401
206
388
293
495
1000
122
807
822
266
364
198
551
536
663
624
807
76
507
708
300
176
466
361
73
543
483
773
251
955
249
720
212
369
303
216
416
828
626
288
839
482
450
248
38
613
701
887
728
390
139
238
119
37
622
639
434
974
90
230
177
757
541
568
894
20
176
442
658
262
199
709
595
853
520
851
417
48
476
967
911
617
427
760
45
915
532
664
822
735
510
465
154
567
298
894
700
432
476
496
301
386
676
212
575
975
66
234
697
761
512
971
776
557
241
299
249
146
368
138
11
748
182
222
281
455
601
520
839
821
821
448
858
957
389
992
652
125
874
700
310
17
615
582
166
493
110
241
172
316
972
410
669
359
894
235
845
306
827
175
223
128
975
192
615
158
2
233
812
451
405
574
70
839
88
565
944
73
998
795
424
335
41
97
454
111
191
432
18
620
617
16
229
5
746
852
869
965
925
240
130
675
569
581
102
779
285
517
292
599
11
514
544
853
254
300
587
425
54
185
477
350
282
955
66
427
127
122
518
678
582
64
533
694
348
871
572
687
737
824
983
879
241
406
967
96
434
57
419
18
102
894
141
915
14
136
861
316
222
245
525
737
29
570
882
127
269
337
200
993
607
360
141
165
230
655
302
210
155
224
818
130
978
429
613
864
292
197
843
909
377
887
878
153
148
267
798
787
171
832
343
881
23
906
589
665
246
423
564
287
561
901
647
542
942
275
603
135
637
968
978
867
165
423
836
753
799
392
862
352
195
828
142
112
512
725
104
624
1000
907
222
372
444
964
493
688
895
225
569
284
991
630
96
364
220
665
878
72
631
356
518
355
165
398
607
910
480
734
67
386
474
126
212
662
825
438
280
34
306
923
780
897
136
921
172
402
86
298
869
854
789
508
718
58
145
487
647
515
136
462
833
83
187
523
628
646
548
698
735
482
91
195
33
924
208
871
699
53
236
82
294
119
85
61
372
859
364
114
758
668
512
983
410
346
211
370
299
677
228
297
899
776
540
985
997
852
313
352
534
692
281
802
932
736
551
261
438
239
586
988
27
216
733
349
800
890
150
15
640
972
570
992
647
324
284
868
744
223
678
829
413
12
325
944
670
538
239
669
465
530
906
578
610
669
602
886
491
674
705
632
925
649
366
322
743
75
46
927
733
192
156
873
133
385
454
301
93
673
155
184
995
676
426
254
752
625
91
469
909
254
107
502
791
968
142
693
219
160
247
212
31
732
558
221
294
787
603
528
530
136
563
609
195
562
625
282
568
556
713
891
946
768
603
442
755
286
784
347
254
427
440
804
831
110
158
946
431
805
526
316
232
622
77
372
469
796
246
102
115
438
295
24
683
618
48
909
612
199
906
707
153
90
785
560
188
39
967
14
270
768
23
336
176
119
82
668
785
946
975
774
230
566
971
158
288
857
110
330
45
845
584
11
780
261
694
642
18
195
504
188
523
537
173
52
184
629
294
417
667
711
661
375
385
748
771
592
761
740
116
37
99
222
2
210
869
858
318
510
567
65
544
70
765
956
941
942
174
221
539
642
718
691
191
925
225
312
365
992
36
827
253
799
543
836
869
99
627
266
855
57
929
627
746
496
657
612
115
896
715
569
374
42
248
77
398
294
800
612
686
623
507
213
957
506
523
206
143
532
932
801
523
44
644
74
155
380
988
12
533
385
160
631
658
906
907
822
919
757
831
783
148
254
736
590
446
416
410
469
702
760
650
871
483
622
286
815
589
230
255
313
283
223
447
510
652
165
562
343
711
91
215
287
73
959
710
390
204
593
545
563
852
491
654
95
989
157
526
17
934
231
723
452
175
874
705
955
321
856
596
948
929
545
348
402
678
355
285
885
10
170
699
672
185
627
198
561
987
281
393
201
352
663
525
222
774
231
793
191
476
340
380
440
725
509
645
854
34
400
594
973
31
522
888
884
961
842
960
363
424
8
456
221
775
713
858
926
947
884
952
652
337
249
236
281
656
867
911
731
821
356
402
228
502
913
334
191
220
617
223
749
833
476
658
137
588
262
104
922
847
119
650
683
507
582
737
961
51
174
54
521
426
211
132
19
865
691
759
630
140
519
797
53
117
303
769
444
386
718
588
66
352
836
375
121
240
901
145
685
288
198
206
533
618
254
732
527
741
51
176
646
27
754
772
858
396
733
721
48
633
921
754
772
735
401
858
649
564
837
495
921
148
885
120
514
745
775
921
344
251
87
988
799
461
485
238
590
15
257
347
703
890
967
549
256
84
615
928
571
644
181
125
513
23
624
130
167
663
32
774
732
778
192
160
807
209
192
706
52
178
777
823
279
492
878
379
70
739
566
195
114
406
478
688
160
396
42
370
139
876
317
339
231
513
998
627
198
461
904
556
568
369
890
170
870
682
891
936
660
4
223
706
722
219
508
715
937
476
711
241
290
134
2
603
263
995
879
637
277
6
743
549
978
960
617
682
460
61
964
704
234
951
737
118
628
836
678
725
947
840
982
935
88
811
731
578
388
402
249
375
170
312
814
679
165
550
387
378
57
382
627
327
680
818
45
937
394
892
254
415
689
285
183
272
937
499
457
428
929
614
440
907
774
547
652
211
616
311
77
8
807
181
909
855
304
468
910
172
808
925
936
206
301
101
156
872
974
205
11
306
245
798
850
556
558
699
284
135
181
632
737
975
537
818
464
201
586
61
997
232
664
193
79
537
635
478
477
612
504
937
494
629
646
405
313
835
194
809
738
613
58
75
719
278
772
355
794
118
404
387
619
770
69
77
368
907
672
390
965
883
844
903
412
74
669
84
818
835
130
193
44
691
491
333
97
953
475
563
701
160
514
916
673
455
700
75
567
429
200
489
972
71
27
139
732
931
867
910
609
450
513
16
238
330
215
533
872
303
231
662
499
309
942
245
431
52
405
19
224
845
660
835
623
535
569
648
984
861
273
529
699
632
311
774
790
629
245
734
348
697
770
97
86
285
787
950
671
982
458
77
970
805
148
759
122
201
120
731
939
373
977
775
887
311
857
400
170
863
833
921
817
948
262
74
151
750
478
995
652
198
78
788
206
865
566
132
136
886
441
184
361
27
282
893
933
141
656
734
370
385
233
658
133
756
825
822
493
396
45
203
532
915
645
157
236
198
321
91
180
218
634
920
535
421
20
982
155
735
902
812
814
122
337
246
747
227
597
151
607
249
194
595
293
286
846
967
716
332
586
966
223
405
738
906
189
416
910
314
381
261
979
283
21
561
472
757
591
44
242
228
134
869
722
465
153
784
958
666
639
640
11
181
572
532
884
431
368
734
656
572
883
538
181
81
145
549
225
302
23
864
726
68
320
795
125
230
692
702
707
772
890
636
778
176
430
191
122
163
227
462
703
941
841
462
482
361
280
12
890
367
495
540
301
792
436
176
703
19
555
61
352
430
543
710
310
68
259
583
381
478
929
982
764
752
537
35
74
658
347
726
963
610
928
435
885
184
597
771
646
88
